1452	02 00 00
1453	02 00 00
1454	30 00 00
1455	29 00 00
1456	01 00 00
1457	28 00 00
1458	30 00 00
1459	05 00 00
1460	04 00 00
1461	29 00 00
1462	28 00 00
1463	04 00 00
1464	27 00 00
1465	01 00 00
1466	05 00 00
1467	29 00 00
1468	04 00 00
1469	06 00 00
1470	30 00 00
1471	30 00 00
1472	01 00 00
1473	02 00 00
1474	30 00 00
1475	08 00 00
1476	30 00 00
1477	05 00 00
1478	29 00 00
1479	29 00 00
1480	29 00 00
1481	01 00 00
1482	27 00 00
1483	07 00 00
1484	23 00 00
1485	09 00 00
1486	30 00 00
1487	07 00 00
1488	29 00 00
1489	25 00 00
1490	05 00 00
1491	25 00 00
1492	02 00 00
1493	01 00 00
1494	01 00 00
1495	27 00 00
1496	30 00 00
1497	08 00 00
1498	02 00 00
1499	27 00 00
1500	28 00 00
1501	22 00 00
1502	04 00 00
1503	01 00 00
1504	09 00 00
1505	25 00 00
1506	03 00 00
1507	22 00 00
1508	25 00 00
1509	23 00 00
1510	24 00 00
1511	30 00 00
1512	03 00 00
1513	03 00 00
1514	22 00 00
1515	24 00 00
1516	01 00 00
1517	01 00 00
1518	25 00 00
1519	06 00 00
1520	02 00 00
1521	03 00 00
1522	03 00 00
1523	01 00 00
1524	30 00 00
1525	01 00 00
1526	22 00 00
1527	06 00 00
1528	25 00 00
1529	08 00 00
1530	26 00 00
1531	03 00 00
1532	04 00 00
1533	01 00 00
1534	27 00 00
1535	24 00 00
1536	09 00 00
1537	30 00 00
1538	30 00 00
1539	29 00 00
1540	02 00 00
1541	30 00 00
1542	30 00 00
1543	30 00 00
1544	30 00 00
1545	25 00 00
1546	29 00 00
1547	02 00 00
1548	01 00 00
1549	29 00 00
1550	22 00 00
1551	24 00 00
1552	29 00 00
1553	01 00 00
1554	23 00 00
1555	03 00 00
1556	28 00 00
1557	30 00 00
1558	30 00 00
1559	28 00 00
1560	01 00 00
1561	01 00 00
1562	23 00 00
1563	30 00 00
1564	01 00 00
1565	28 00 00
1566	08 00 00
1567	03 00 00
1568	30 00 00
1569	24 00 00
1570	09 00 00
1571	30 00 00
1572	26 00 00
1573	04 00 00
1574	28 00 00
1575	06 00 00
1576	30 00 00
1577	28 00 00
1578	30 00 00
1579	30 00 00
1580	30 00 00
1581	30 00 00
1582	30 00 00
1583	23 18 53
1584	23 00 43
1585	23 06 25
1586	23 12 00
1587	23 17 43
1588	22 23 32
1589	23 05 15
1590	23 10 51
1591	23 16 35
1592	22 22 25
1593	23 04 08
1594	23 09 45
1595	23 15 29
1596	22 21 19
1597	23 03 04
1598	23 08 43
1599	23 14 27
1600	22 20 17
1601	23 02 02
1602	23 07 43
1603	23 13 28
1604	22 19 20
1605	23 01 07
1606	23 06 47
1607	23 12 33
1608	22 18 24
1609	23 00 12
1610	23 05 55
1611	23 11 40
1612	22 17 31
1613	22 23 18
1614	23 05 01
1615	23 10 47
1616	22 16 39
1617	22 22 27
1618	23 04 11
1619	23 09 57
1620	22 15 47
1621	22 21 36
1622	23 03 22
1623	23 09 10
1624	22 15 01
1625	22 20 51
1626	23 02 37
1627	23 08 24
1628	22 14 15
1629	22 20 06
1630	23 01 53
1631	23 07 41
1632	22 13 31
1633	22 19 21
1634	23 01 08
1635	23 06 57
1636	22 12 47
1637	22 18 38
1638	23 00 26
1639	23 06 13
1640	22 12 04
1641	22 17 56
1642	22 23 45
1643	23 05 33
1644	22 11 24
1645	22 17 15
1646	22 23 04
1647	23 04 54
1648	22 10 45
1649	22 16 37
1650	22 22 26
1651	23 04 15
1652	22 10 05
1653	22 15 56
1654	22 21 47
1655	23 03 36
1656	22 09 27
1657	22 15 18
1658	22 21 07
1659	23 02 58
1660	22 08 49
1661	22 14 40
1662	22 20 31
1663	23 02 22
1664	22 08 12
1665	22 14 03
1666	22 19 54
1667	23 01 45
1668	22 07 36
1669	22 13 27
1670	22 19 18
1671	23 01 07
1672	22 06 58
1673	22 12 50
1674	22 18 41
1675	23 00 31
1676	22 06 23
1677	22 12 13
1678	22 18 04
1679	22 23 56
1680	22 05 47
1681	22 11 38
1682	22 17 31
1683	22 23 21
1684	22 05 11
1685	22 11 03
1686	22 16 55
1687	22 22 45
1688	22 04 36
1689	22 10 27
1690	22 16 18
1691	22 22 08
1692	22 04 00
1693	22 09 51
1694	22 15 42
1695	22 21 33
1696	22 03 24
1697	22 09 15
1698	22 15 08
1699	22 20 59
1700	23 02 50
1701	23 08 41
1702	23 14 33
1703	23 20 24
1704	23 02 14
1705	23 08 06
1706	23 13 58
1707	23 19 48
1708	23 01 39
1709	23 07 29
1710	23 13 20
1711	23 19 12
1712	23 01 02
1713	23 06 53
1714	23 12 45
1715	23 18 36
1716	23 00 25
1717	23 06 18
1718	23 12 10
1719	23 18 01
1720	22 23 52
1721	23 05 43
1722	23 11 33
1723	23 17 25
1724	22 23 16
1725	23 05 06
1726	23 10 58
1727	23 16 49
1728	22 22 38
1729	23 04 28
1730	23 10 20
1731	23 16 12
1732	22 22 01
1733	23 03 53
1734	23 09 43
1735	23 15 34
1736	22 21 25
1737	23 03 17
1738	23 09 07
1739	23 14 59
1740	22 20 49
1741	23 02 39
1742	23 08 30
1743	23 14 21
1744	22 20 11
1745	23 02 03
1746	23 07 53
1747	23 13 43
1748	22 19 32
1749	23 01 24
1750	23 07 14
1751	23 13 05
1752	22 18 56
1753	23 00 47
1754	23 06 36
1755	23 12 28
1756	22 18 18
1757	23 00 09
1758	23 06 00
1759	23 11 50
1760	22 17 39
1761	22 23 31
1762	23 05 21
1763	23 11 11
1764	22 17 01
1765	22 22 52
1766	23 04 41
1767	23 10 31
1768	22 16 22
1769	22 22 12
1770	23 04 02
1771	23 09 53
1772	22 15 43
1773	22 21 33
1774	23 03 24
1775	23 09 14
1776	22 15 05
1777	22 20 56
1778	23 02 45
1779	23 08 34
1780	22 14 25
1781	22 20 15
1782	23 02 05
1783	23 07 54
1784	22 13 45
1785	22 19 34
1786	23 01 23
1787	23 07 13
1788	22 13 04
1789	22 18 54
1790	23 00 45
1791	23 06 34
1792	22 12 23
1793	22 18 14
1794	23 00 04
1795	23 05 54
1796	22 11 45
1797	22 17 34
1798	22 23 23
1799	23 05 13
1800	23 11 03
1801	23 16 52
1802	23 22 43
1803	24 04 34
1804	23 10 21
1805	23 16 10
1806	23 22 01
1807	24 03 51
1808	23 09 40
1809	23 15 30
1810	23 21 20
1811	24 03 09
1812	23 08 59
1813	23 14 49
1814	23 20 38
1815	24 02 30
1816	23 08 18
1817	23 14 06
1818	23 19 56
1819	24 01 47
1820	23 07 34
1821	23 13 24
1822	23 19 14
1823	24 01 03
1824	23 06 51
1825	23 12 41
1826	23 18 30
1827	24 00 21
1828	23 06 10
1829	23 11 59
1830	23 17 48
1831	23 23 39
1832	23 05 27
1833	23 11 17
1834	23 17 06
1835	23 22 57
1836	23 04 44
1837	23 10 33
1838	23 16 22
1839	23 22 12
1840	23 04 01
1841	23 09 50
1842	23 15 38
1843	23 21 28
1844	23 03 16
1845	23 09 06
1846	23 14 55
1847	23 20 46
1848	23 02 34
1849	23 08 23
1850	23 14 12
1851	23 20 03
1852	23 01 50
1853	23 07 41
1854	23 13 29
1855	23 19 18
1856	23 01 06
1857	23 06 55
1858	23 12 44
1859	23 18 34
1860	23 00 22
1861	23 06 11
1862	23 11 59
1863	23 17 49
1864	22 23 37
1865	23 05 27
1866	23 11 16
1867	23 17 07
1868	22 22 54
1869	23 04 43
1870	23 10 32
1871	23 16 22
1872	22 22 11
1873	23 03 59
1874	23 09 48
1875	23 15 37
1876	22 21 25
1877	23 03 13
1878	23 09 03
1879	23 14 52
1880	22 20 41
1881	23 02 29
1882	23 08 18
1883	23 14 07
1884	22 19 57
1885	23 01 45
1886	23 07 35
1887	23 13 23
1888	22 19 12
1889	23 01 01
1890	23 06 50
1891	23 12 39
1892	22 18 28
1893	23 00 16
1894	23 06 05
1895	23 11 53
1896	22 17 42
1897	22 23 31
1898	23 05 20
1899	23 11 08
1900	23 16 57
1901	23 22 46
1902	24 04 36
1903	24 10 25
1904	23 16 14
1905	23 22 03
1906	24 03 53
1907	24 09 41
1908	23 15 29
1909	23 21 18
1910	24 03 09
1911	24 08 57
1912	23 14 43
1913	23 20 32
1914	24 02 22
1915	24 08 10
1916	23 13 58
1917	23 19 47
1918	24 01 36
1919	24 07 26
1920	23 13 12
1921	23 19 01
1922	24 00 52
1923	24 06 42
1924	23 12 28
1925	23 18 18
1926	24 00 08
1927	24 05 57
1928	23 11 43
1929	23 17 33
1930	23 23 23
1931	24 05 12
1932	23 10 58
1933	23 16 47
1934	23 22 36
1935	24 04 27
1936	23 10 12
1937	23 16 02
1938	23 21 51
1939	24 03 41
1940	23 09 27
1941	23 15 18
1942	23 21 07
1943	24 02 57
1944	23 08 44
1945	23 14 33
1946	23 20 21
1947	24 02 12
1948	23 07 59
1949	23 13 48
1950	23 19 37
1951	24 01 27
1952	23 07 12
1953	23 13 02
1954	23 18 51
1955	24 00 41
1956	23 06 28
1957	23 12 18
1958	23 18 06
1959	23 23 55
1960	23 05 44
1961	23 11 34
1962	23 17 22
1963	23 23 12
1964	23 04 59
1965	23 10 48
1966	23 16 37
1967	23 22 27
1968	23 04 14
1969	23 10 04
1970	22 15 52
1971	22 21 41
1972	22 03 29
1973	22 09 18
1974	22 15 07
1975	22 20 56
1976	22 02 45
1977	22 08 33
1978	22 14 22
1979	22 20 12
1980	22 02 01
1981	22 07 50
1982	22 13 40
1983	22 19 28
1984	22 01 16
1985	22 07 05
1986	22 12 55
1987	22 18 43
1988	22 00 32
1989	22 06 20
1990	22 12 08
1991	22 17 57
1992	21 23 47
1993	22 05 35
1994	22 11 24
1995	22 17 14
1996	21 23 02
1997	22 04 50
1998	22 10 41
1999	22 16 30
2000	21 22 19
2001	22 04 08
2002	22 09 57
2003	22 15 45
2004	21 21 35
2005	22 03 23
2006	22 09 12
2007	22 15 01
2008	21 20 50
2009	22 02 37
2010	22 08 26
2011	22 14 16
2012	21 20 05
2013	22 01 54
2014	22 07 43
2015	22 13 32
2016	21 19 21
2017	22 01 11
2018	22 06 59
2019	22 12 49
2020	21 18 39
2021	22 00 27
2022	22 06 15
2023	22 12 04
2024	21 17 54
2025	21 23 42
2026	22 05 31
2027	22 11 20
2028	21 17 08
2029	21 22 57
2030	22 04 46
2031	22 10 36
2032	21 16 25
2033	21 22 15
2034	22 04 02
2035	22 09 52
2036	21 15 42
2037	21 21 31
2038	22 03 20
2039	22 09 10
2040	21 14 58
2041	21 20 46
2042	22 02 35
2043	22 08 25
2044	21 14 14
2045	21 20 03
2046	22 01 52
2047	22 07 40
2048	21 13 29
2049	21 19 19
2050	22 01 07
2051	22 06 58
2052	21 12 47
2053	21 18 36
2054	22 00 24
2055	22 06 15
2056	21 12 04
2057	21 17 53
2058	21 23 42
2059	22 05 31
2060	21 11 19
2061	21 17 08
2062	21 22 57
2063	22 04 47
2064	21 10 36
2065	21 16 25
2066	21 22 13
2067	22 04 03
2068	21 09 52
2069	21 15 41
2070	21 21 31
2071	22 03 21
2072	21 09 09
2073	21 14 58
2074	21 20 48
2075	22 02 37
2076	21 08 27
2077	21 14 16
2078	21 20 05
2079	22 01 53
2080	21 07 43
2081	21 13 31
2082	21 19 20
2083	22 01 10
2084	21 06 59
2085	21 12 47
2086	21 18 37
2087	22 00 26
2088	21 06 16
2089	21 12 05
2090	21 17 55
2091	21 23 43
2092	21 05 33
2093	21 11 22
2094	21 17 12
2095	21 23 01
2096	21 04 51
2097	21 10 39
2098	21 16 28
2099	21 22 17
2100	22 04 06
2101	22 09 55
2102	22 15 45
2103	22 21 35
2104	22 03 22
2105	22 09 11
2106	22 15 01
2107	22 20 51
2108	22 02 40
2109	22 08 29
2110	22 14 19
2111	22 20 08
2112	22 01 57
2113	22 07 46
2114	22 13 36
2115	22 19 26
2116	22 01 14
2117	22 07 02
2118	22 12 52
2119	22 18 41
2120	22 00 29
2121	22 06 19
2122	22 12 09
2123	22 17 57
2124	21 23 46
2125	22 05 35
2126	22 11 25
2127	22 17 13
2128	21 23 04
2129	22 04 53
2130	22 10 42
2131	22 16 32
2132	21 22 20
2133	22 04 10
2134	22 10 00
2135	22 15 49
2136	21 21 37
2137	22 03 26
2138	22 09 15
2139	22 15 03
2140	21 20 53
2141	22 02 43
2142	22 08 31
2143	22 14 23
2144	21 20 09
2145	22 01 59
2146	22 07 50
2147	22 13 45
2148	21 19 27
2149	22 01 16
2150	22 07 03
2151	22 12 57
2152	21 18 43
2153	22 00 33
2154	22 06 21
2155	22 12 10
2156	21 17 58
2157	21 23 48
2158	22 05 37
2159	22 11 24
2160	21 17 15
2161	21 23 04
2162	22 04 50
2163	22 10 24
2164	21 16 31
2165	21 22 23
2166	22 03 53
2167	22 09 23
2168	21 15 48
2169	21 21 34
2170	22 02 54
2171	22 08 56
2172	21 15 04
2173	21 20 43
2174	22 02 27
2175	22 07 40
2176	21 14 18
2177	21 20 02
2178	22 01 37
2179	22 02 47
2180	21 13 34
2181	21 19 19
2182	22 00 08
2183	20 18 53
2184	21 12 50
2185	21 18 28
2186	21 21 11
2187	22 02 17
2188	21 12 05
2189	21 17 25
2190	21 22 05
2191	05 09 25
2192	21 11 21
2193	21 16 38
2194	21 21 36
2195	09 04 32
2196	21 10 38
2197	21 16 10
2198	05 16 44
2199	10 00 52
2200	28 12 50
2201	08 01 37
2202	25 04 07
2203	01 00 43
2204	11 19 50
2205	30 20 05
2206	28 00 29
2207	23 06 49
2208	09 02 10
2209	05 08 49
2210	06 10 33
2211	17 19 47
2212	01 09 17
2213	27 15 52
2214	01 08 48
2215	26 10 31
2216	26 19 58
2217	23 14 26
2218	07 19 39
2219	01 17 27
2220	01 18 47
2221	29 23 27
2222	27 22 11
2223	03 02 29
2224	14 18 21
2225	10 20 07
2226	02 17 20
2227	23 04 18
2228	06 14 45
2229	06 07 18
2230	12 03 34
2231	30 21 03
2232	07 09 19
2233	25 16 59
2234	01 18 12
2235	04 15 32
2236	30 19 20
2237	05 22 14
2238	30 20 40
2239	30 19 16
2240	13 23 17
2241	30 05 41
2242	28 22 17
2243	30 01 51
2244	03 07 55
2245	03 05 29
2246	01 02 25
2247	30 17 49
2248	27 13 54
2249	01 11 18
2250	01 00 20
2251	29 07 41
2252	04 20 22
2253	26 11 11
2254	03 09 19
2255	02 12 28
2256	30 08 51
2257	01 07 30
2258	03 16 48
2259	02 03 52
2260	30 03 09
2261	30 10 35
2262	04 15 49
2263	06 16 50
2264	01 09 08
2265	04 05 01
2266	02 14 11
2267	04 14 48
2268	03 05 34
2269	01 01 05
2270	02 08 25
2271	01 10 08
2272	30 07 34
2273	30 19 22
2274	02 10 26
2275	06 05 24
2276	06 18 59
2277	09 03 22
2278	30 17 19
2279	03 13 30
2280	28 08 48
2281	28 17 08
2282	29 11 46
2283	30 08 15
2284	29 15 34
2285	01 18 52
2286	03 00 00
2287	01 01 04
2288	09 23 20
2289	02 09 54
2290	30 19 38
2291	30 06 45
2292	08 03 42
2293	01 14 55
2294	01 21 06
2295	03 01 30
2296	04 06 02
2297	01 07 22
2298	29 00 00
2299	03 07 58
2300	27 23 12
2301	03 01 30
2302	25 00 00
2303	03 23 31
2304	07 19 40
2305	05 00 00
2306	24 23 55
2307	30 00 00
2308	30 00 00
2309	01 11 15
2310	27 00 00
2311	24 00 00
2312	09 00 00
2313	01 00 00
2314	02 00 00
2315	02 00 00
2316	25 00 00
2317	01 00 00
2318	04 00 00
2319	28 00 00
